[VERSION]
major =1
minor =0

[GENERALENGINEDATA]
engine_type = 1
engine.0 = 0, -17, -2.5
engine.1 = 0, 17, -2.5
fuel_flow_scalar = 1.64
min_throttle_limit = -0.25
max_contrail_temperature = -39.707329
starter_type = 2

[Disabled_Controls]
DisableFuelValveControls=0
DisableMixtureControls=1
DisableParkingBrakeControls=0
DisablePropellerControls=1
DisableAutopilotControls=0

[TURBINEENGINEDATA]
; Required
inlet_area = 9.850
rated_N2_rpm = 12250
static_thrust = 17000
mach_0_corrected_commanded_ne_table = 0:1:5.383,0:59:65,0.5:81.73:84.25,0.584:85.5:87.5,0.666666:89:90.5,0.745:92.3:93.25,0.833333:95.65:96.2,0.916666:98.5:98.6,1:98.75:100
mach_hi_corrected_commanded_ne_table = 0.87:1:5.383,0:59:68,0.5:82.6:86.9,0.584:86.5:89.75,0.666666:90:92.6,0.745:93:95,0.833333:96:97.25,0.916666:98.25:99,1:100:100
n1_and_mach_on_thrust_table = 0:0:0.04:0.72:0.85,0:0:0:0:0,20:0.01:0.008:0.0174:0.019197,25:0.0111:0.0156:0.0248:0.026559,30:0.020907:0.027:0.04:0.042485,35:0.0522:0.0425:0.0641:0.068153,40:0.11:0.064:0.1348:0.148336,45:0.140488520264626:0.0915:0.1804:0.197472,50:0.17:0.125:0.2076:0.223391,55:0.21:0.17:0.2472:0.262647,60:0.251767218112946:0.215:0.30636:0.323635,65:0.29:0.275:0.3752:0.394433,70:0.35:0.345:0.4558:0.477365,75:0.4219:0.42:0.5592:0.585449,80:0.512:0.51:0.6748:0.705924,85:0.614:0.61:0.792:0.82603,90:0.729:0.73:0.9128:0.947939,95:0.857:0.86:1.0208:1.052115,100:1:1:1.118:1.140559,105:1.12:1.12:1.2174:1.236021,110:1.2:1.2:1.3264:1.350565
corrected_airflow_table = 0:0:0.9,0:2:4.5,35:6.062735:9,60:13.5:14,84:20.5:21,90:24.4:24.6,95:27:27,100:28:28,105:28:29
epr_max = 1.4
epr_tc = 14
epr_tuning_constant = 1

; Optional
reverser_available = 1
reverser_mach_controlled = 0
afterburner_available = 0
use_commanded_Ne_Table = 1
use_corrected_N2_from_FF_table=1
use_old_fuelflow_simvar = 0
corrected_n2_from_ff_table=0:0,0.00294:10,0.0118:30,0.02066:40,0.03397:50,0.05317:60,0.1339:80,0.165:90,0.18:100,0.2:110
oil_temp_tuning_constant = 1
oil_temp_cooling_constant = 0
oil_temp_heating_constant = 600
oil_temp_tc = 0.01
oil_press_tuning_constant = 1.45
oil_press_max = 6480
oil_press_tc = 0.94
itt_tuning_constant = 1
itt_peak_temperature = 2141
itt_tc = 2
egt_tuning_constant = 1
egt_peak_temperature = 1679.67
egt_tc = 1
variable_inlet = 0
primary_nozzle_available = 0
use_n2_to_n1_table = 1
n2_to_n1_table=0:0:0.85,0:0:0,10:3:5,20:6:10,30:9.5:15,40:14.6:20,50:21.7:26,60:36.5:33.6,70:52:46.1,80:69:66.5,90:86:88.3,100:102.4:107.4,110:118.8:123.7

[JET_ENGINE]
thrust_scalar=1
